1,[4, 5, 5, 4, 4, 4, 4]
2,[4, 6, 6, 5, 4, 5]
3,[7, 6, 5, 7, 5]
4,[5, 5, 4, 4, 4, 4, 4]
5,[4, 4, 4, 4, 6, 4, 4]
6,[6, 6, 6, 7, 5]
7,[6, 5, 5, 7, 7]
8,[4, 5, 4, 5, 4, 4, 4]
9,[5, 4, 4, 4, 5, 4, 4]
10,[6, 7, 6, 4, 7]
11,[4, 4, 4, 4, 4, 4, 6]
12,[4, 7, 4, 5, 5, 5]
13,[5, 6, 5, 5, 4, 5]
14,[4, 5, 4, 4, 5, 4, 4]
15,[6, 5, 4, 7, 4, 4]
16,[6, 6, 7, 6, 5]
17,[4, 5, 4, 4, 4, 4, 5]
18,[8, 5, 7, 5, 5]
19,[7, 4, 7, 5, 7]
20,[5, 5, 5, 6, 4, 5]
21,[4, 4, 4, 4, 5, 4, 5]
22,[6, 5, 6, 6, 7]
23,[4, 4, 5, 4, 5, 4, 4]
24,[6, 4, 4, 5, 6, 5]
25,[4, 4, 4, 4, 5, 5, 4]
26,[5, 5, 4, 5, 5, 6]
27,[5, 5, 5, 8, 7]
28,[5, 5, 4, 7, 5, 4]
29,[4, 5, 4, 5, 4, 4, 4]
30,[6, 5, 4, 5, 6, 4]
31,[7, 4, 4, 4, 6, 5]
32,[5, 8, 7, 6, 4]
33,[4, 5, 4, 4, 4, 5, 4]
34,[5, 4, 4, 4, 5, 4, 4]
35,[6, 5, 6, 8, 5]
36,[5, 4, 4, 4, 4, 5, 4]
37,[4, 4, 6, 4, 4, 4, 4]
38,[10, 5, 4, 6, 5]
39,[6, 4, 4, 4, 4, 4, 4]
40,[4, 4, 5, 5, 6, 6]
41,[4, 4, 4, 5, 4, 5, 4]
42,[5, 4, 4, 4, 4, 4, 5]
43,[4, 7, 4, 5, 5, 5]
44,[6, 4, 6, 6, 4, 4]
45,[4, 4, 5, 4, 4, 5, 4]
46,[7, 5, 7, 9, 7]
47,[6, 11, 5, 6, 7]
48,[4, 7, 9, 8, 7]
49,[9, 7, 7, 6, 6]
50,[7, 7, 6, 8, 7]
51,[6, 4, 7, 7, 5, 6]
52,[5, 7, 4, 7, 4, 4, 4]
53,[7, 4, 6, 4, 4, 5, 5]
54,[9, 4, 6, 6, 5, 5]
55,[5, 6, 5, 5, 6, 8]
56,[7, 9, 8, 6, 5]
57,[8, 8, 7, 4, 8]
58,[9, 5, 6, 5, 6, 4]
59,[5, 6, 5, 4, 5, 5, 5]
60,[5, 4, 6, 4, 4, 6, 6]
61,[4, 4, 4, 5, 7, 6, 5]
62,[7, 6, 6, 5, 5, 6]
63,[6, 6, 6, 9, 8]
64,[7, 8, 8, 5, 7]
65,[8, 4, 6, 4, 4, 5, 4]
66,[6, 6, 5, 8, 4, 6]
67,[6, 8, 7, 7, 7]
68,[5, 6, 5, 6, 7, 6]
69,[5, 4, 6, 6, 5, 5, 4]
70,[9, 6, 5, 5, 5, 5]
71,[4, 5, 5, 4, 4, 9, 4]
72,[9, 9, 5, 8, 4]
73,[4, 5, 6, 4, 4, 6, 6]
74,[8, 8, 5, 8, 6]
75,[5, 4, 5, 5, 4, 4, 8]
76,[5, 8, 11, 6, 5]
77,[6, 9, 7, 6, 7]
78,[7, 7, 4, 4, 13]
79,[9, 6, 7, 6, 7]
80,[8, 4, 7, 9, 7]
81,[4, 7, 8, 9, 7]
82,[6, 7, 8, 8, 6]
83,[4, 4, 6, 6, 8, 7]
84,[4, 4, 6, 5, 6, 4, 6]
85,[5, 5, 4, 6, 5, 5, 5]
86,[5, 5, 5, 4, 5, 5, 6]
87,[6, 5, 5, 7, 7, 5]
88,[4, 6, 6, 4, 4, 7, 4]
89,[6, 5, 5, 5, 7, 7]
90,[7, 8, 6, 7, 12]
91,[8, 8, 9, 8, 7]
92,[8, 8, 11, 6, 7]
93,[9, 8, 6, 9, 8]
94,[9, 6, 7, 9, 9]
95,[6, 6, 7, 7, 7, 7]
96,[6, 5, 9, 5, 5, 4, 6]
97,[6, 6, 6, 5, 4, 8, 5]
98,[9, 5, 6, 8, 7, 5]
99,[4, 5, 8, 5, 6, 5, 7]
100,[6, 7, 4, 5, 7, 4, 7]
101,[5, 7, 7, 5, 4, 7, 5]
102,[5, 7, 5, 9, 7, 7]
103,[8, 7, 6, 6, 7, 6]
104,[6, 8, 4, 7, 6, 9]
105,[10, 7, 10, 8, 5]
106,[6, 8, 5, 6, 9, 6]
107,[7, 4, 10, 4, 10, 5]
108,[7, 5, 9, 6, 6, 7]
109,[8, 11, 6, 7, 8]
110,[7, 6, 5, 5, 6, 7, 4]
111,[5, 7, 11, 8, 9]
112,[6, 4, 5, 5, 7, 5, 8]
113,[6, 10, 10, 6, 8]
114,[6, 7, 7, 10, 10]
115,[9, 5, 6, 5, 9, 6]
116,[9, 6, 7, 6, 5, 7]
117,[5, 6, 5, 5, 8, 7, 4]
118,[8, 5, 11, 7, 9]
119,[6, 7, 5, 5, 6, 6, 5]
120,[5, 6, 5, 6, 6, 5, 7]
121,[4, 5, 6, 6, 5, 8, 6]
122,[12, 9, 6, 5, 8]
123,[6, 5, 8, 6, 4, 6, 5]
124,[10, 9, 8, 5, 8]
125,[7, 5, 5, 8, 7, 8]
126,[6, 9, 10, 4, 6, 5]
127,[8, 7, 5, 5, 7, 8]
128,[8, 7, 10, 9, 6]
129,[6, 9, 10, 6, 9]
130,[7, 8, 4, 7, 4, 5, 5]
131,[8, 7, 7, 6, 6, 6]
