ID,Media_GAP,Gap,BKS,Mean_Time,Solver_Time,Perc_Fact
1,0.0,0.0,0.0,0.02,0.51,100.0
2,0.0,0.0,0.0,0.02,0.67,100.0
3,0.0,0.0,0.0,0.01,0.89,100.0
4,0.0,0.0,0.0,0.01,0.52,100.0
5,0.0,0.0,0.0,0.01,0.59,100.0
6,0.0,0.0,0.0,0.02,0.96,100.0
7,0.0,0.0,0.0,0.02,0.8,100.0
8,0.0,0.0,0.0,0.01,0.84,100.0
9,0.0,0.0,0.0,0.01,0.67,100.0
10,0.0,0.0,0.0,0.01,1.24,100.0
11,0.0,0.0,0.0,0.02,0.74,100.0
12,0.0,0.0,0.0,0.02,0.9,100.0
13,0.0,0.0,0.0,0.02,1.0,100.0
14,0.0,0.0,0.0,0.02,0.75,100.0
15,0.0,0.0,0.0,0.01,0.93,100.0
16,0.0,0.0,0.0,0.06,1.86,100.0
17,0.0,0.0,0.0,0.02,1.29,100.0
18,0.0,0.0,0.0,0.03,1.43,100.0
19,0.0,0.0,0.0,0.03,1.92,100.0
20,0.0,0.0,0.0,0.03,1.76,100.0
21,0.0,0.0,0.0,0.04,1.88,100.0
22,0.0,0.0,0.0,0.05,2.37,100.0
23,0.0,0.0,0.0,0.05,1.85,100.0
24,0.0,0.0,0.0,0.09,2.08,100.0
25,0.0,0.0,0.0,0.12,2.03,100.0
26,0.0,0.0,0.0,0.18,2.53,100.0
27,0.03,0.0,0.0,0.53,3.03,100.0
28,0.0,0.0,0.0,0.61,2.8,100.0
29,0.0,0.0,0.0,1.0,2.22,100.0
30,0.0,0.0,0.0,1.0,2.81,100.0
31,0.77,0.0,0.0,12.76,13.11,100.0
32,0.33,0.0,-18.0,21.56,3604.02,100.0
33,0.97,0.0,0.0,13.41,16.03,100.0
34,0.37,0.0,0.0,7.43,4.72,100.0
35,0.53,0.0,-8.0,20.75,3603.88,100.0
36,0.86,0.0,-1.0,17.13,3604.5,100.0
37,0.54,0.0,-7.0,18.95,3603.73,100.0
38,0.45,0.0,-20.0,29.16,3604.73,100.0
39,0.97,0.0,0.0,16.44,33.09,100.0
40,0.42,0.0,-14.0,22.3,3604.39,100.0
41,0.32,0.0,-22.0,24.01,3604.86,60.0
42,0.36,0.06,-16.0,24.46,3604.53,73.33
43,0.32,0.0,-50.0,25.04,3605.41,73.33
44,0.3,0.09,-32.0,27.78,3605.43,50.0
45,0.19,0.0,-29.0,20.95,3604.74,50.0
46,0.0,0.0,0.0,0.02,1.55,100.0
47,0.0,0.0,0.0,0.03,1.36,100.0
48,0.0,0.0,0.0,0.03,1.34,100.0
49,0.0,0.0,0.0,0.02,1.17,100.0
50,0.0,0.0,0.0,0.02,2.53,100.0
51,0.0,0.0,0.0,0.02,2.46,100.0
52,0.0,0.0,0.0,0.02,2.43,100.0
53,0.0,0.0,0.0,0.02,2.19,100.0
54,0.0,0.0,0.0,0.02,2.62,100.0
55,0.0,0.0,0.0,0.02,2.41,100.0
56,0.0,0.0,0.0,0.04,4.28,100.0
57,0.0,0.0,0.0,0.04,3.85,100.0
58,0.0,0.0,0.0,0.02,3.59,100.0
59,0.0,0.0,0.0,0.05,2.99,100.0
60,0.0,0.0,0.0,0.02,2.67,100.0
61,0.0,0.0,0.0,0.11,4.86,100.0
62,0.0,0.0,0.0,0.07,4.96,100.0
63,0.0,0.0,0.0,0.51,6.2,100.0
64,0.0,0.0,0.0,0.16,4.65,100.0
65,0.0,0.0,0.0,0.05,4.71,100.0
66,0.0,0.0,0.0,0.22,6.54,100.0
67,0.07,0.0,0.0,1.73,8.49,100.0
68,0.0,0.0,0.0,1.12,5.59,100.0
69,0.0,0.0,0.0,0.32,3.67,100.0
70,0.0,0.0,0.0,0.13,3.81,100.0
71,0.2,0.0,0.0,7.17,4.73,100.0
72,0.5,0.0,0.0,12.68,6.81,100.0
73,0.03,0.0,0.0,1.2,4.52,100.0
74,0.0,0.0,0.0,2.42,5.64,100.0
75,0.0,0.0,0.0,0.22,4.06,100.0
76,0.13,0.0,-88.0,38.93,3607.48,93.33
77,0.39,0.0,-22.0,39.31,3607.31,100.0
78,0.33,0.0,0.0,16.82,8.94,100.0
79,0.38,0.18,-14.0,43.16,3606.02,100.0
80,0.34,0.06,-17.0,37.9,3606.71,100.0
81,0.2,0.16,-114.0,54.72,3610.47,73.33
82,0.28,0.23,-66.0,50.04,3609.48,100.0
83,0.29,0.32,-39.0,42.95,3608.31,100.0
84,0.43,0.0,-13.0,34.5,3606.87,100.0
85,0.39,0.24,-37.0,44.79,3608.34,93.33
86,0.3,0.24,-39.0,48.08,3608.42,60.0
87,0.2,0.12,-85.0,48.81,3610.04,56.67
88,0.28,0.33,-60.0,51.36,3608.7,96.67
89,0.2,0.22,-68.0,49.73,3609.32,63.33
90,0.0,0.0,0.0,0.03,2.01,100.0
91,0.0,0.0,0.0,0.07,2.63,100.0
92,0.0,0.0,0.0,0.07,2.41,100.0
93,0.0,0.0,0.0,0.06,2.52,100.0
94,0.0,0.0,0.0,0.03,2.34,100.0
95,0.0,0.0,0.0,0.04,2.99,100.0
96,0.0,0.0,0.0,0.03,2.55,100.0
97,0.0,0.0,0.0,0.05,2.16,100.0
98,0.0,0.0,0.0,0.04,2.29,100.0
99,0.0,0.0,0.0,0.03,2.74,100.0
100,0.0,0.0,0.0,0.04,2.71,100.0
101,0.0,0.0,0.0,0.07,3.3,100.0
102,0.0,0.0,0.0,0.08,3.54,100.0
103,0.0,0.0,0.0,0.09,3.54,100.0
104,0.0,0.0,0.0,0.04,3.48,100.0
105,0.0,0.0,0.0,0.97,6.0,100.0
106,0.0,0.0,0.0,1.45,5.17,100.0
107,0.0,0.0,0.0,0.08,4.89,100.0
108,0.0,0.0,0.0,0.09,5.12,100.0
109,0.4,0.0,0.0,13.6,7.29,100.0
110,0.03,0.0,0.0,3.43,6.16,100.0
111,0.0,0.0,0.0,0.65,8.95,100.0
112,0.0,0.0,0.0,0.25,5.68,100.0
113,0.13,0.0,0.0,8.28,10.11,100.0
114,0.4,0.0,0.0,12.25,8.18,100.0
115,0.0,0.0,0.0,3.93,8.42,100.0
116,0.17,0.0,0.0,9.28,8.57,100.0
117,0.03,0.0,0.0,5.45,8.59,100.0
118,0.0,0.0,0.0,0.12,10.5,100.0
119,0.4,0.0,0.0,17.26,8.85,100.0
120,1.0,0.0,0.0,56.84,2105.74,100.0
121,0.54,0.37,-12.0,58.74,3609.55,100.0
122,0.39,0.0,-41.0,77.0,3611.41,100.0
123,1.0,0.0,0.0,63.94,3039.65,100.0
124,0.25,0.16,-48.0,72.94,3611.62,96.67
125,0.31,0.17,-59.0,89.31,3613.53,100.0
126,0.19,0.15,-105.0,101.83,3615.04,100.0
127,0.25,0.37,-61.0,88.95,3613.23,96.67
128,0.17,0.22,-175.0,108.5,3616.59,93.33
129,0.0,0.16,-307.0,95.94,3620.01,3.33
130,0.25,0.41,-88.0,91.59,3614.66,90.0
131,0.14,0.3,-146.0,129.32,3616.77,30.0
