ID, objective_function, status_Gurobi, time, time
1,0,2,0:00:00.730297,0.7302970476448536
2,0,2,0:00:00.793465,0.7934647593647242
3,0,2,0:00:01.711675,1.7116745598614216
4,0,2,0:00:00.560865,0.5608653035014868
5,0,2,0:00:00.766776,0.7667757980525494
6,0,2,0:00:02.265317,2.2653174437582493
7,0,2,0:00:01.178464,1.1784639433026314
8,0,2,0:00:02.663772,2.6637724116444588
9,0,2,0:00:00.999186,0.9991864766925573
10,0,2,0:00:02.211570,2.211570454761386
11,0,2,0:00:01.777403,1.7774025648832321
12,0,2,0:00:05.212199,5.212199155241251
13,0,2,0:00:02.727252,2.727251585572958
14,0,2,0:00:01.304290,1.3042902760207653
15,0,2,0:00:02.551878,2.551878444850445
16,0,2,0:00:11.140907,11.140906520187855
17,0,2,0:00:03.890580,3.8905803598463535
18,0,2,0:00:06.960490,6.960490418598056
19,0,2,0:00:08.526138,8.526137825101614
20,0,2,0:00:06.843458,6.843458091840148
21,0,2,0:00:03.180047,3.1800468787550926
22,0,2,0:00:13.358415,13.358415422961116
23,0,2,0:00:22.056208,22.056208023801446
24,0,2,0:00:25.271189,25.27118947915733
25,0,2,0:00:22.198949,22.19894939288497
26,0,2,0:00:41.952127,41.9521273188293
27,0,2,0:01:07.614842,67.61484228260815
28,0,2,0:00:11.634347,11.634346667677164
29,0,2,0:00:18.185738,18.185738468542695
30,0,2,0:02:11.432252,131.4322518222034
31,0,2,0:04:11.780875,251.78087516874075
32,-102032,9,1:00:04.864062,3604.8640620280057
33,0,2,0:03:33.507581,213.50758102536201
34,0,2,0:04:34.359899,274.3598994500935
35,-66575,9,1:00:04.348870,3604.348870474845
36,-25912,9,1:00:05.137835,3605.137835102156
37,-40309,9,1:00:04.903786,3604.903786195442
38,-44628,9,1:00:05.049366,3605.0493664480746
39,0,2,0:11:45.890102,705.8901022188365
40,-60943,9,1:00:04.977326,3604.977325975895
41,-218363,9,1:00:05.490453,3605.49045262672
42,-124780,9,1:00:05.356879,3605.3568791206926
43,-302344,9,1:00:05.876610,3605.8766099046916
44,-241753,9,1:00:06.066924,3606.0669243745506
45,-201567,9,1:00:05.543287,3605.543286830187
46,0,2,0:00:04.572564,4.5725638046860695
47,0,2,0:00:05.001882,5.001882007345557
48,0,2,0:00:04.893523,4.89352348819375
49,0,2,0:00:05.106438,5.1064380165189505
50,0,2,0:00:04.156218,4.156218269839883
51,0,2,0:00:05.454708,5.454707955941558
52,0,2,0:00:05.721644,5.721643894910812
53,0,2,0:00:01.577271,1.577271131798625
54,0,2,0:00:04.692182,4.692181650549173
55,0,2,0:00:05.775217,5.775217078626156
56,0,2,0:00:11.071001,11.071001132950187
57,0,2,0:00:26.708729,26.708729464560747
58,0,2,0:00:07.979690,7.979690229520202
59,0,2,0:00:07.295235,7.2952350080013275
60,0,2,0:00:04.983392,4.983391687273979
61,0,2,0:00:05.268135,5.268134582787752
62,0,2,0:00:41.399087,41.399086594581604
63,0,2,0:00:37.847974,37.847973600029945
64,0,2,0:01:43.881450,103.88145004399121
65,0,2,0:00:08.442110,8.442110328003764
66,0,2,0:00:20.248704,20.248703826218843
67,0,2,0:03:32.730465,212.73046479560435
68,0,2,0:00:31.455540,31.455539796501398
69,0,2,0:00:31.710699,31.71069928072393
70,0,2,0:02:12.998583,132.99858275055885
71,0,2,0:00:36.419005,36.41900513134897
72,0,2,0:10:59.041755,659.0417553596199
73,0,2,0:00:35.869974,35.869974033907056
74,0,2,0:06:46.191007,406.1910072248429
75,0,2,0:00:34.400734,34.40073361247778
76,-460679,9,1:00:09.695574,3609.6955738868564
77,-121588,9,1:00:08.124078,3608.1240783240646
78,0,2,0:15:45.933537,945.933537421748
79,-87104,9,1:00:06.812975,3606.8129752650857
80,-112505,9,1:00:07.333048,3607.3330479804426
81,-1348019,9,1:00:14.375197,3614.3751971386373
82,-918443,9,1:00:10.878521,3610.8785211313516
83,-408191,9,1:00:10.880232,3610.8802315481007
84,-143834,9,1:00:07.459654,3607.45965432748
85,-937571,9,1:00:09.229269,3609.229268707335
86,TIME_LIMIT,9,1:00:08.744519,3608.7445192914456
87,-1200843,9,1:00:13.083930,3613.0839300602674
88,-949948,9,1:00:10.044654,3610.044654108584
89,-1231694,9,1:00:11.092694,3611.0926936026663
90,0,2,0:00:10.501527,10.501527193933725
91,0,2,0:00:12.615262,12.615261996164918
92,0,2,0:00:08.350547,8.35054737702012
93,0,2,0:00:10.536853,10.536852879449725
94,0,2,0:00:06.747463,6.747462507337332
95,0,2,0:01:16.864429,76.86442932486534
96,0,2,0:00:09.518182,9.518181661143899
97,0,2,0:00:33.360429,33.36042885296047
98,0,2,0:00:12.173730,12.173729624599218
99,0,2,0:00:41.705157,41.70515744574368
100,0,2,0:00:09.696475,9.696475110948086
101,0,2,0:00:11.124514,11.124513540416956
102,0,2,0:00:59.492589,59.49258899688721
103,0,2,0:02:09.935244,129.93524366244674
104,0,2,0:02:08.409019,128.40901945717633
105,0,2,0:07:10.143341,430.1433409322053
106,0,2,0:03:29.538427,209.53842706046999
107,0,2,0:00:38.676330,38.6763300485909
108,0,2,0:03:10.254030,190.25403001904488
109,0,2,0:09:58.400975,598.400974592194
110,0,2,0:03:03.150834,183.15083393640816
111,0,2,0:08:08.850696,488.8506964724511
112,0,2,0:02:30.952523,150.95252273231745
113,0,2,0:16:02.230450,962.2304504681379
114,0,2,0:04:46.801751,286.8017512559891
115,0,2,0:24:24.257933,1464.2579333409667
116,0,2,0:08:52.596475,532.5964747145772
117,0,2,0:21:07.387539,1267.3875392507762
118,0,2,0:17:11.942285,1031.9422854222357
119,0,2,0:25:07.556105,1507.5561053492129
120,-128336,9,1:00:10.614807,3610.614807356149
121,-171343,9,1:00:10.643956,3610.643955823034
122,-506619,9,1:00:12.811823,3612.8118230067194
123,-164626,9,1:00:10.646833,3610.646833302453
124,-691089,9,1:00:13.564077,3613.5640773717314
125,-1566995,9,1:00:15.313082,3615.3130821585655
126,-2185627,9,1:00:16.664007,3616.664006549865
127,-1112757,9,1:00:14.673907,3614.673907227814
128,-2298103,9,1:00:19.061965,3619.0619648322463
129,TIME_LIMIT,9,1:00:23.120313,3623.1203131917864
130,-2328330,9,1:00:16.181545,3616.181545158848
131,TIME_LIMIT,9,1:00:18.001699,3618.001698691398
